0 0.1731640625 0.7108942189781021 0.175 0.19626200000000005
0 0.1548828125 0.9184932627737226 0.07250000000000001 0.1570100000000001
0 0.2935546875 0.39210018248175177 0.10124999999999998 0.09906600000000007
0 0.3316796875 0.6828025328467152 0.13125000000000003 0.17009300000000002
0 0.3779296875 0.21417572262773724 0.06874999999999998 0.127103
0 0.4196875 0.22328930656934304 0.04749999999999999 0.115888
0 0.490859375 0.42953786861313864 0.13750000000000007 0.125234
0 0.6308203125 0.5256841605839415 0.12 0.11962600000000007
0 0.6273828125 0.3875975766423357 0.07374999999999998 0.12897200000000006
0 0.6393359375 0.17661499270072992 0.07750000000000001 0.14205600000000004
0 0.6941015625 0.41942826277372264 0.09750000000000003 0.15700899999999993
0 0.79734375 0.49887459854014593 0.11749999999999994 0.10841100000000005
